%YAML:1.0
R: !!opencv-matrix
   rows: 3
   cols: 3
   dt: d
   data: [ 9.9706767997685541e-01, 2.0016271624496880e-02,
       -7.3860614780988348e-02, -2.2824259304947025e-02,
       9.9904076313688905e-01, -3.7371202523372074e-02,
       7.3041732815916499e-02, 3.8947432022107861e-02,
       9.9656811247708077e-01 ]
T: !!opencv-matrix
   rows: 3
   cols: 1
   dt: d
   data: [ 4.0491882158483135e+00, -1.2262427410076595e-02,
       1.1074873454602800e-01 ]
R1: !!opencv-matrix
   rows: 3
   cols: 3
   dt: d
   data: [ 9.9875647601185824e-01, 1.8049222504347519e-02,
       -4.6472865108180494e-02, -1.8929520566060138e-02,
       9.9964831022526424e-01, -1.8572267360582782e-02,
       4.6121306090717892e-02, 1.9428881356434745e-02,
       9.9874688670039113e-01 ]
R2: !!opencv-matrix
   rows: 3
   cols: 3
   dt: d
   data: [ 9.9962159492678548e-01, -3.0272209124196504e-03,
       2.7340499073302708e-02, 2.5069780376918939e-03,
       9.9981553096671827e-01, 1.9042560197038080e-02,
       -2.7393101634323687e-02, -1.8966812364936234e-02,
       9.9944478487386434e-01 ]
P1: !!opencv-matrix
   rows: 3
   cols: 4
   dt: d
   data: [ 1.1030293921871917e+03, 0., 9.5886413574218750e+02, 0., 0.,
       1.1030293921871917e+03, 4.9197679138183594e+02, 0., 0., 0., 1.,
       0. ]
P2: !!opencv-matrix
   rows: 3
   cols: 4
   dt: d
   data: [ 1.1030293921871917e+03, 0., 9.5886413574218750e+02,
       4.4680643547980089e+03, 0., 1.1030293921871917e+03,
       4.9197679138183594e+02, 0., 0., 0., 1., 0. ]
Q: !!opencv-matrix
   rows: 4
   cols: 4
   dt: d
   data: [ 1., 0., 0., -9.5886413574218750e+02, 0., 1., 0.,
       -4.9197679138183594e+02, 0., 0., 0., 1.1030293921871917e+03, 0.,
       0., -2.4686962957521166e-01, 0. ]
