%YAML:1.0
M1: !!opencv-matrix
   rows: 3
   cols: 3
   dt: d
   data: [ 1.3976965610165216e+03, 0., 9.4455996621057375e+02, 0.,
       1.3976965610165216e+03, 4.9218067086030408e+02, 0., 0., 1. ]
D1: !!opencv-matrix
   rows: 1
   cols: 8
   dt: d
   data: [ 8.6195625459126804e-02, 1.3780338781791554e-01, 0., 0., 0.,
       0., 0., 6.4400603672232537e-01 ]
M2: !!opencv-matrix
   rows: 3
   cols: 3
   dt: d
   data: [ 1.3976965610165216e+03, 0., 9.7600416872869471e+02, 0.,
       1.3976965610165216e+03, 5.4431276864810980e+02, 0., 0., 1. ]
D2: !!opencv-matrix
   rows: 1
   cols: 8
   dt: d
   data: [ 1.0318681808704261e-01, -1.2316030020127409e-02, 0., 0., 0.,
       0., 0., 3.2451447600064337e-01 ]
